0
7 3 2
1 0 5
6 4 8

1
7 3 2
1 4 5
6 0 8

2
7 3 2
1 4 5
6 8 0

3
7 3 2
1 4 0
6 8 5

4
7 3 2
1 0 4
6 8 5

5
7 3 2
1 8 4
6 0 5

6
7 3 2
1 8 4
0 6 5

7
7 3 2
0 8 4
1 6 5

8
7 3 2
8 0 4
1 6 5

9
7 0 2
8 3 4
1 6 5

10
0 7 2
8 3 4
1 6 5

11
8 7 2
0 3 4
1 6 5

12
8 7 2
3 0 4
1 6 5

13
8 0 2
3 7 4
1 6 5

14
8 2 0
3 7 4
1 6 5

15
8 2 4
3 7 0
1 6 5

16
8 2 4
3 0 7
1 6 5

17
8 2 4
0 3 7
1 6 5

18
0 2 4
8 3 7
1 6 5

19
2 0 4
8 3 7
1 6 5

20
2 3 4
8 0 7
1 6 5

21
2 3 4
8 7 0
1 6 5

22
2 3 0
8 7 4
1 6 5

23
2 0 3
8 7 4
1 6 5

24
2 7 3
8 0 4
1 6 5

25
2 7 3
0 8 4
1 6 5

26
2 7 3
1 8 4
0 6 5

27
2 7 3
1 8 4
6 0 5

28
2 7 3
1 0 4
6 8 5

29
2 0 3
1 7 4
6 8 5

30
0 2 3
1 7 4
6 8 5

31
1 2 3
0 7 4
6 8 5

32
1 2 3
7 0 4
6 8 5

33
1 2 3
7 8 4
6 0 5

34
1 2 3
7 8 4
0 6 5

35
1 2 3
0 8 4
7 6 5

36
1 2 3
8 0 4
7 6 5

